1.213394247263063677e+07
2.786228585913407616e+06
2.077872202874666080e+07
1.563590430547029478e+06
4.556171175990013871e+05
5.636478104472211562e+06
6.595245161386802793e+05
4.501745443207483622e+05
1.835500422794783488e+06
1.033481073744568566e+05
4.095509235190485138e+06
4.687621093205839861e+05
4.106547102286603767e+06
1.798905974261710886e+06
1.358290304426035145e+05
1.133324202898435295e+06
1.549903971461018082e+06
3.069356149915282615e+06
3.839566463310226100e+05
1.137397814868053101e+05
2.063396301518469350e+06
1.078745804164856527e+05
1.145060081850548973e+06
4.762647397020767443e+06
5.420471572073767893e+05
9.635996743911316618e+06
3.870735026329070097e+05
1.062131395195618505e+06
1.683075372406820767e+06
1.422561936346145347e+06
4.642896909379326389e+05
3.418475552451002877e+06
5.616649841145522892e+06
2.530165560619201139e+07
4.420650949559216388e+05
1.471403370771677233e+07
7.417220256076799706e+05
1.250601485215256456e+06
4.308473723785330658e+05
1.028077570288752206e+07
2.642267405692348722e+06
7.248086676883222535e+06
4.300985989390160539e+05
1.902525593477055663e+05
3.426845112190837041e+06
1.093042836626812629e+07
6.548951832101475447e+06
3.207157374236704200e+05
9.537536814136712346e+05
1.439575880273646675e+06
1.482970525024093222e+06
2.121986276579177938e+05
4.003385258380169515e+06
2.036269265740176779e+05
2.090753069029146573e+06
3.332264144672280527e+05
5.794944520726889372e+06
4.529443744809034280e+06
2.920616118682428263e+06
6.622930885356283979e+05
1.109020352384456433e+07
4.053928807686700951e+06
3.936828446540013421e+06
2.997588037831885740e+05
3.259892570468509803e+05
2.757245562430250924e+06
3.567774730142082553e+05
1.382970842024326697e+07
6.286178476882637478e+05
8.716984250451314729e+05
2.513799330229646293e+05
2.360139490961169649e+05
3.242212073405275005e+05
1.558400225744221127e+06
7.643273916363227181e+05
1.911696370224403683e+06
8.068438707982902415e+05
1.066130878287084587e+07
1.875481542877650121e+06
3.666848868425465189e+06
2.165147103563545272e+06
7.383094722132907249e+06
4.367001728522378020e+06
8.134207383236354217e+06
2.957547223832108080e+06
2.921150911004083464e+05
4.104927743861957570e+05
8.976403810448646545e+05
4.196506137158497586e+05
1.432182995712110074e+06
8.437757875489238650e+05
2.166248047553841490e+06
2.870884258960738778e+06
2.008251403690408624e+05
2.748941006747790379e+05
1.813103670011936338e+05
4.686584722406062298e+06
1.914211494230602402e+06
1.099311419119894272e+06
5.151696463215079275e+05
1.619228271071935073e+06
2.958880662431695964e+05
3.274814968137794640e+05
5.695644782585188746e+06
6.784186699768451974e+06
1.043450517009434174e+06
2.561000866083297413e+06
2.686560274972394109e+06
2.426535681001546036e+05
6.154339892210463295e+05
6.719689475070435554e+06
3.175245086089811521e+05
8.348646201804043725e+06
3.872416945008945651e+06
1.492905994916292140e+06
7.286396057118276367e+05
5.002200585498171858e+05
2.381147684725479688e+06
3.702941455363561865e+06
1.389431157620731508e+06
8.449929971766714007e+06
1.420838466327195521e+06
3.797452908777249977e+06
1.561872189214172831e+05
6.942927492898016935e+05
3.061422080839613453e+06
2.423728230046605458e+05
7.541746648497342132e+06
1.506502452050559921e+06
1.563726009351933608e+06
7.219493797591862967e+05
9.446950837333144620e+06
1.160414843666680530e+07
1.686067794045652554e+05
1.419098993261636642e+05
6.909070602532144403e+05
1.105558717969154008e+07
1.285557516526480904e+05
1.943136534332474403e+05
4.528510317474388285e+05
4.249537510058137588e+06
2.592203243841215968e+06
2.490401591905581008e+05
3.392625290502236458e+05
5.087082540416060016e+06
1.237253594230930466e+05
2.235281858353159914e+05
3.437965647264508996e+06
1.776073574052007461e+05
1.450657814355206210e+05
3.490856426753719570e+05
1.242264351854413399e+05
2.237045689871243376e+05
1.216897461691170000e+06
8.140102090035454370e+06
7.097055309369931929e+05
9.113594630942396820e+06
5.381420097075552680e+06
3.055202211697299499e+06
1.030488610117733479e+07
1.928177837313131895e+06
1.465998897861644067e+07
5.263701763568148948e+06
5.324333211864294717e+05
9.888126192697363440e+05
1.868898478052462265e+07
6.025877175293010077e+04
2.252609965540003963e+06
1.083267708380026277e+06
3.959407459124764893e+06
1.113682295036787167e+06
1.335551355450546369e+06
3.954815010897436179e+06
1.240853200424190843e+06
5.423783579164278693e+06
5.487310988259704784e+06
1.527914445487784222e+07
3.935924634581413120e+05
5.237886969456296647e+05
2.200967592688290402e+06
2.041202135780206183e+06
1.770922964729122177e+05
3.241590804180076811e+06
9.818179346932728076e+05
8.883218053368078545e+06
3.484305512802474550e+05
3.377503824534445256e+07
5.079826829483475885e+05
2.817149560924465954e+07
1.097255530105623649e+06
2.038423886383044068e+06
3.243660574293854646e+06
3.623949159627492772e+05
1.092443083861635067e+06
6.691996170373257482e+05
4.867509124087804812e+05
9.398481103464934975e+06
2.858738831967032747e+05
4.302987878022057004e+06
2.959867223937234376e+05
5.833836994208737742e+05
2.091475024564717337e+07
4.277544457337986678e+06
6.745911506770756387e+04
1.590363361787145212e+07
4.155826166900529643e+05
1.990892931746770442e+07
5.638742834023145027e+06
1.179078330993418582e+06
1.585897881320591271e+07
1.755267197790042963e+06
1.759239724703612272e+06
1.005073914497640450e+06
4.436088432645683060e+05
1.658137491076433507e+05
7.833385097600467270e+05
1.524899009803792462e+07
3.099718469824655913e+06
1.824340102799896849e+05
1.167837444100764114e+06
8.733439912843987346e+06
8.893214321651509032e+06
5.426258127989622299e+05
3.157977383426769520e+05
9.181972707560513169e+06
1.683012062085949001e+05
4.461996329905464314e+06
2.553521723084073456e+05
2.211405532685367391e+06
1.738279315943147987e+06
1.030429484308151441e+05
1.208577091624925815e+05
2.554071606659679674e+06
6.777706338458719663e+06
4.916621323237461969e+06
1.664321576877997257e+07
3.406728002833412029e+05
1.319447259902044432e+06
2.413230063839898503e+05
5.349654888155580265e+05
2.971294419286753400e+05
9.241457188511521090e+05
2.129027558832345065e+06
6.177852098084765021e+05
1.336300964290611446e+07
5.701022714176761918e+06
1.160480454908768460e+07
1.319329164002251055e+05
3.783457596933241002e+05
3.248458313595611136e+06
